60000
60004
60009
60010
60011
60015
60018
60019
60020
60021
60023
60029
60030
60031
60032
60033
60035
60036
60037
60038
60041
60042
60045
60047
60051
60052
60058
60059
60060
60063
60064
60066
60068
60069
60071
60074
60075
60076
60079
60080
60081
60082
60084
60087
60089
60096
60099
60100
60104
60105
60107
60108
60109
60111
60112
60115
60118
60120
60122
60125
60126
60129
60130
60134
60135
60136
60138
60140
60143
60144
60145
60157
60159
60160
60161
60163
60165
60166
60169
60174
60175
60177
60178
60179
60180
60181
60185
60187
60189
60190
60192
60193
60195
60197
60201
60204
60209
60210
60212
60213
60214
60215
60217
60218
60221
60222
60225
60228
60229
60230
60234
60239
60240
60242
60244
60245
60247
60249
60253
60254
60255
60256
60257
60258
60259
60260
60261
60262
60266
60267
60269
60270
60273
60276
60277
60278
60280
60281
60283
60286
60288
60290
60294
60297
60299
60303
60304
60307
60309
60310
60311
60313
60318
60320
60322
60323
60327
60331
60332
60333
60341
60343
60344
60345
60347
60348
60350
60352
60354
60356
60357
60358
60360
60361
60362
60363
60367
60371
60372
60373
60378
60382
60383
60384
60385
60386
60387
60389
60398
60400
60402
60403
60405
60408
60411
60413
60415
60416
60418
60419
60421
60422
60424
60426
60427
60430
60432
60433
60437
60438
60440
60445
60447
60450
60451
60452
60453
60454
60456
60457
60459
60460
60461
60466
60468
60471
60473
60474
60482
60487
60488
60489
60494
60495
